978-7-04-039663-8
9780062367549
9780062457714
9780062457721
9780132350884
9780132354189
9780132354790
9780134052502
9780134685991
9780134757599
9780137081073
9780140170368
9780140187144
9780140440140
9780140440171
9780140440249
9780140440256
9780140441185
9780140441215
9780140444308
9780140444520
9780140447675
9780140447910
9780140447934
9780140448108
9780140449129
9780140449181
9780140449198
9780140449273
9780140449303
9780140449327
9780140449334
9780140449402
9780140449440
9780140449921
9780140481815
9780141199603
9780141439525
9780141439556
9780141439563
9780141439600
9780141439723
9780141441146
9780141442464
9780142003428
9780142003558
9780142437179
9780142437230
9780142437247
9780142437339
9780143034650
9780143038412
9780143038832
9780143039952
9780143105756
9780143105985
9780143107521
9780143110194
9780143110439
9780143111382
9780143112082
9780143112099
9780143115953
9780143116165
9780143118459
9780143118466
9780143118763
9780143119234
9780143120933
9780143122142
9780143122425
9780143126355
9780143126393
9780143126812
9780143127659
9780143129394
9780143129400
9780321563842
9780321573513
9780321751041
9780374533557
9780375725609
9780385486804
9780393352702
9780393356182
9780439050005
9780439064873
9780439136365
9780439139595
9780439139601
9780439294829
9780439358071
9780439554893
9780439554923
9780439554930
9780439708180
9780545010221
9780545139700
9780545582889
9780596009205
9780596809485
9781449355739
9781491946008
9781491954249
9781594202667
